500 25
98 30 63 0.627552 1 0.526186 
11 146 78 0.745756 2 1.35916 
55 82 57 0.403654 5 1.11337 
0 112 46 0.739328 1 1.48606 
16 35 39 0.837069 3 0.21995 
88 36 76 0.655824 1 0.720962 
52 21 77 0.772356 1 0.344879 
80 2 86 0.551302 4 0.987139 
37 194 32 0.414765 5 0.238667 
99 132 86 0.780996 3 0.116682 
49 243 77 0.504555 4 1.13469 
66 279 40 0.99266 1 1.26914 
49 246 18 0.651877 2 0.902685 
31 375 89 0.623948 2 0.263749 
100 227 3 0.555716 1 1.47515 
38 371 10 0.414096 4 1.43213 
69 302 66 0.871119 1 1.15313 
40 382 68 0.6385 5 0.892397 
80 272 91 0.640665 2 0.169275 
58 265 64 0.7397 2 1.16059 
15 572 11 0.617497 1 0.614525 
41 574 15 0.606613 2 0.417471 
48 443 83 0.604531 4 0.780886 
69 407 30 0.570165 5 0.55853 
13 408 90 0.75123 2 1.46941 
59 555 90 0.953566 2 0.298952 
15 409 54 0.98247 3 0.91672 
29 470 86 0.985051 4 0.965853 
13 438 40 0.742713 4 0.127865 
1 452 95 0.704159 1 0.972311 
51 637 32 0.88225 4 1.14273 
7 636 14 0.460663 2 1.02714 
18 697 4 0.450522 3 0.557439 
55 777 25 0.583681 5 1.02286 
20 782 93 0.838591 1 1.16694 
44 789 97 0.59176 4 1.36846 
17 742 48 0.792655 2 0.513457 
31 706 13 0.941743 5 1.04411 
74 770 94 0.609714 5 1.39237 
10 785 50 0.613708 2 0.501533 
22 927 40 0.447641 2 0.986437 
62 868 17 0.843627 3 1.29393 
37 937 53 0.737819 3 0.218386 
77 960 54 0.561168 5 1.3315 
85 900 82 0.89226 5 1.2718 
96 962 93 0.47934 2 0.763611 
94 990 45 0.461606 4 0.383784 
28 957 46 0.567386 2 0.742639 
71 955 30 0.661935 1 1.31636 
11 813 30 0.942602 4 0.151856 
131 74 4 0.413188 3 0.464901 
135 7 9 0.589619 3 1.30228 
158 150 70 0.594735 5 0.404071 
159 168 84 0.925636 3 1.38943 
192 178 85 0.620668 3 1.09091 
134 158 44 0.962463 3 0.688925 
165 31 70 0.49782 4 0.645431 
121 146 30 0.585865 5 0.481207 
139 65 29 0.496905 3 0.563396 
160 112 3 0.9934 2 1.30458 
111 207 12 0.872906 3 0.173975 
175 346 76 0.791857 5 1.31929 
154 383 30 0.414411 2 0.200724 
116 204 48 0.933582 1 0.364661 
156 260 56 0.737802 1 0.612414 
119 358 90 0.945937 5 0.162306 
184 330 61 0.534474 2 0.558956 
101 382 16 0.640915 1 0.832627 
191 222 99 0.934611 4 1.4468 
115 343 87 0.884157 3 0.36244 
117 413 18 0.512357 4 1.37105 
136 513 46 0.84587 3 0.485377 
130 430 99 0.755776 1 0.420284 
190 547 77 0.511832 2 0.708877 
189 407 1 0.497739 5 0.648703 
174 421 9 0.693486 2 0.267276 
169 543 35 0.589058 5 0.589195 
159 547 47 0.811992 4 1.20861 
113 583 53 0.968376 3 1.34896 
163 425 45 0.942604 3 0.405776 
126 663 48 0.61313 5 0.532299 
123 789 99 0.767951 1 0.166807 
104 639 22 0.531779 5 1.14765 
141 780 98 0.8841 3 0.930956 
134 776 84 0.44881 4 0.334634 
111 639 61 0.938454 5 1.03637 
156 724 77 0.577302 3 0.443273 
114 647 69 0.664152 1 0.611374 
122 799 33 0.568589 5 0.601575 
136 722 75 0.774543 3 1.40556 
117 805 47 0.47279 4 0.475172 
170 984 37 0.905873 4 0.470611 
146 957 64 0.925008 5 0.744456 
175 849 87 0.654065 4 0.581587 
135 988 37 0.814515 5 0.782651 
135 854 39 0.809106 3 0.47369 
155 866 38 0.765486 1 0.231261 
181 886 80 0.747437 5 0.736689 
159 989 15 0.63116 4 1.02183 
181 956 61 0.879772 5 0.845296 
243 176 65 0.758087 1 1.39535 
261 44 40 0.771478 4 1.38118 
265 117 43 0.454363 5 0.79805 
245 7 75 0.608456 5 1.28086 
231 113 66 0.577275 5 0.857515 
212 14 18 0.983498 4 0.116729 
209 131 83 0.437716 1 0.877323 
228 190 70 0.436636 1 1.23324 
226 44 37 0.467573 4 1.29472 
215 186 9 0.519252 1 0.580811 
231 262 2 0.799584 3 0.726547 
287 231 58 0.675872 3 0.398911 
289 312 53 0.484252 3 1.03679 
249 226 52 0.659306 5 0.622102 
207 212 36 0.61581 2 0.773514 
238 333 87 0.441891 4 1.12186 
296 355 28 0.52356 1 1.04573 
238 224 1 0.482766 1 0.157256 
235 363 92 0.610319 3 0.887277 
256 338 80 0.429193 4 0.871693 
258 593 18 0.763116 1 1.43444 
218 441 14 0.685895 3 0.531061 
224 418 59 0.849847 3 0.652219 
228 487 40 0.436734 5 1.34701 
276 502 69 0.569914 1 1.11277 
293 567 68 0.660061 1 1.44532 
252 544 8 0.863423 3 1.38844 
204 572 59 0.926612 2 1.187 
207 528 69 0.549466 1 0.616177 
245 458 79 0.880276 2 0.945564 
268 617 31 0.91087 3 1.00849 
291 601 23 0.480477 2 0.583586 
226 622 37 0.676204 5 0.333286 
255 617 68 0.903573 4 1.02178 
218 614 39 0.933826 4 0.102289 
291 644 31 0.987629 4 0.780774 
230 644 57 0.985425 4 0.78482 
238 702 64 0.984233 3 0.621274 
262 795 41 0.739057 1 0.816449 
255 800 21 0.586133 1 0.484136 
300 844 72 0.696211 3 1.01724 
241 987 98 0.615281 5 0.847326 
249 970 53 0.629847 5 0.383125 
253 926 52 0.463605 2 1.11379 
289 981 72 0.768202 2 1.45094 
226 952 21 0.742193 5 1.42871 
208 899 43 0.889183 5 0.237424 
218 913 21 0.761783 3 0.105593 
256 925 68 0.740418 5 0.902213 
220 819 80 0.951853 5 1.38667 
359 193 12 0.727498 3 1.00704 
337 27 20 0.45579 3 0.817189 
359 187 76 0.97395 5 1.22873 
318 167 61 0.933929 3 1.01557 
329 124 58 0.84304 2 0.248712 
397 143 43 0.431579 4 0.793696 
379 142 84 0.839727 5 1.4404 
304 96 17 0.643118 3 1.04317 
355 109 98 0.927948 3 1.04473 
386 11 26 0.47401 3 0.452382 
326 226 94 0.481339 1 0.658213 
348 210 60 0.97368 1 0.417013 
365 384 29 0.884411 5 1.23198 
336 287 24 0.529962 4 0.777204 
392 223 47 0.547452 2 0.99075 
372 377 91 0.733589 5 0.269143 
391 293 73 0.408513 1 0.789715 
398 379 59 0.952276 1 0.975721 
396 382 20 0.797498 2 0.525672 
373 374 23 0.574361 2 0.734651 
378 406 97 0.95784 3 0.393536 
342 574 21 0.948617 1 0.725623 
357 505 36 0.478554 5 0.156939 
317 560 94 0.918736 5 1.12257 
336 578 28 0.55525 4 1.04961 
312 491 20 0.702128 3 0.324619 
393 414 63 0.631012 2 0.580432 
319 507 20 0.710965 1 0.15975 
372 509 77 0.880673 5 0.41124 
377 518 48 0.829144 3 1.34391 
343 649 3 0.481228 1 0.463746 
302 728 68 0.637346 2 0.56491 
396 633 27 0.474938 3 0.251663 
378 665 4 0.687912 1 1.3871 
313 674 30 0.513655 2 0.761479 
325 743 26 0.406517 5 0.11121 
318 765 23 0.726039 5 0.55157 
315 720 33 0.645838 2 0.82335 
331 641 90 0.79053 4 0.320396 
361 625 59 0.777848 3 0.571217 
300 921 42 0.821296 1 0.719752 
313 887 97 0.454506 5 1.14423 
328 969 57 0.509332 3 0.546506 
394 986 85 0.648667 1 0.103514 
341 920 64 0.927482 3 0.972429 
372 979 72 0.676001 3 0.335551 
353 832 31 0.651836 3 1.22581 
309 805 12 0.72145 1 0.652576 
365 940 18 0.445072 5 0.55045 
323 866 8 0.41775 4 0.321279 
452 7 90 0.758392 4 1.15551 
476 80 55 0.710262 1 1.07287 
483 84 35 0.589539 1 0.42346 
447 74 29 0.488434 3 0.116373 
500 105 12 0.507776 3 1.25924 
400 67 90 0.50834 5 0.908928 
457 21 90 0.990517 1 1.24952 
447 185 47 0.659403 2 1.09231 
445 47 22 0.545861 3 1.43654 
401 149 33 0.431684 1 0.195747 
427 310 33 0.577356 3 0.37111 
428 270 82 0.611214 2 0.189178 
425 314 7 0.55657 4 0.153402 
425 302 75 0.512718 1 0.790685 
458 278 54 0.460026 5 0.793288 
415 270 36 0.723509 3 1.46936 
438 210 99 0.883335 4 0.637578 
458 219 40 0.595684 3 0.94355 
488 232 95 0.501277 1 0.214175 
496 297 36 0.542805 3 0.643424 
455 502 79 0.774154 2 0.403961 
462 556 53 0.977965 4 0.571397 
465 569 36 0.827754 2 0.264148 
443 574 16 0.789781 1 0.93546 
427 419 61 0.885963 3 0.440543 
482 507 2 0.573601 5 0.25993 
449 536 9 0.536975 1 0.975509 
467 499 95 0.652947 2 1.4824 
443 433 93 0.728104 2 1.44969 
500 400 23 0.887412 4 0.556418 
499 708 93 0.57584 1 1.28352 
432 785 60 0.771051 5 1.10912 
437 600 8 0.762319 5 0.63492 
448 688 78 0.582465 5 1.48731 
461 700 39 0.734759 1 0.34445 
417 632 49 0.625036 4 0.487107 
429 675 5 0.666158 3 0.786311 
471 641 68 0.913663 4 1.41834 
457 731 26 0.541272 4 0.156992 
413 795 12 0.952893 3 1.448 
485 964 43 0.85238 4 0.397514 
478 829 16 0.654366 3 0.423589 
435 970 14 0.406194 2 0.632482 
408 913 16 0.881612 5 0.959503 
441 879 30 0.780538 4 1.4578 
488 808 8 0.402675 4 0.725453 
486 882 78 0.511982 2 1.09379 
495 966 60 0.718189 1 0.781305 
467 823 44 0.539953 2 0.446967 
411 978 71 0.637188 1 0.535112 
544 160 60 0.790662 1 1.21591 
517 75 51 0.876282 2 1.03169 
550 103 29 0.468168 5 0.413555 
573 31 75 0.907773 3 1.47315 
545 131 19 0.961019 1 0.287305 
547 114 90 0.801409 2 0.548972 
532 179 29 0.630048 1 0.730243 
546 129 32 0.46978 5 1.47208 
547 192 66 0.845728 3 0.179312 
534 162 6 0.951748 2 0.499224 
599 233 9 0.821566 5 1.37285 
526 268 20 0.5342 1 0.572001 
545 208 4 0.610366 1 1.05027 
533 353 86 0.904634 1 1.24947 
520 287 82 0.900471 1 1.22966 
585 316 21 0.625881 2 1.01318 
509 305 93 0.905544 4 0.865045 
519 304 52 0.923893 5 1.3562 
576 283 93 0.639997 3 0.421782 
549 258 63 0.92394 2 0.273435 
579 593 77 0.999706 5 0.652636 
507 509 70 0.42957 3 0.487722 
526 448 3 0.85324 2 0.670216 
600 416 3 0.772745 1 1.03366 
581 547 87 0.473129 1 0.527846 
539 489 26 0.992696 4 0.837663 
500 437 96 0.629783 3 0.385726 
595 438 20 0.797263 2 1.00431 
520 411 90 0.809872 5 0.439843 
566 435 54 0.65496 4 0.210933 
599 611 17 0.587466 1 1.06713 
551 737 67 0.92488 2 0.985882 
562 606 59 0.57828 5 0.873537 
502 724 56 0.412218 3 1.14544 
500 757 55 0.670613 2 0.403866 
541 655 86 0.883433 1 0.671823 
580 722 16 0.431191 3 1.09234 
511 707 42 0.467039 4 0.230634 
508 651 29 0.794679 3 1.43257 
599 798 65 0.458689 2 1.32261 
555 960 3 0.944458 2 0.551494 
591 915 21 0.957506 2 0.395702 
548 945 89 0.469858 5 0.996701 
596 829 57 0.949518 4 0.500289 
513 951 27 0.640289 1 1.30567 
501 937 3 0.794716 4 0.239125 
593 807 12 0.831296 3 1.37428 
590 883 73 0.782115 3 0.201796 
591 927 60 0.924192 2 1.06712 
553 944 36 0.909168 2 0.472362 
695 161 13 0.812668 5 1.12183 
675 38 94 0.584776 3 0.882608 
616 15 60 0.804768 5 1.21296 
697 64 44 0.418109 2 0.67656 
632 31 1 0.584091 5 0.873024 
664 138 88 0.429731 4 0.856796 
617 192 80 0.624667 2 0.631014 
619 102 11 0.636068 1 0.173438 
667 92 74 0.735356 4 1.23663 
639 76 26 0.695259 3 0.269338 
616 285 33 0.593074 2 0.705436 
689 265 85 0.470769 2 1.01948 
654 310 14 0.567271 4 1.49021 
622 338 24 0.964648 2 0.582456 
632 209 12 0.961627 2 0.444556 
650 307 52 0.864065 3 0.944198 
643 354 89 0.51962 1 1.16988 
695 384 73 0.852838 4 0.928584 
625 255 97 0.507025 1 0.417452 
604 307 36 0.666443 5 0.934272 
666 501 94 0.734091 3 1.01558 
608 476 77 0.562432 2 1.24874 
614 485 60 0.986214 2 0.971998 
617 450 59 0.922707 2 1.23045 
692 440 53 0.505608 2 0.872662 
630 452 21 0.78986 2 1.23874 
646 594 15 0.767121 4 0.846454 
620 500 66 0.745271 1 0.841442 
615 554 45 0.541323 1 1.1784 
648 473 62 0.55446 2 0.371328 
674 738 4 0.816935 4 1.48004 
693 655 23 0.735402 3 1.25931 
614 719 92 0.832144 2 1.01383 
674 695 75 0.440931 3 1.25819 
655 636 5 0.700507 4 1.12097 
639 617 59 0.907092 1 1.47711 
676 757 2 0.525395 1 0.576247 
612 654 31 0.59719 2 0.498483 
602 685 16 0.566369 5 1.23123 
659 700 10 0.966447 4 1.4438 
666 805 36 0.491265 5 0.550288 
674 827 93 0.482731 3 1.45476 
666 980 42 0.638938 4 0.152668 
600 854 54 0.445361 1 1.01553 
691 941 29 0.534542 4 1.09266 
608 950 58 0.963242 1 0.844729 
657 831 6 0.434102 3 0.553338 
641 962 75 0.490467 5 0.157305 
625 879 10 0.927865 4 1.30034 
627 997 21 0.92702 3 0.52053 
796 71 73 0.48852 4 0.719917 
772 14 24 0.58885 1 1.40238 
771 157 21 0.9957 3 0.885754 
747 156 13 0.920587 3 0.955509 
790 81 96 0.407723 3 0.395784 
734 54 67 0.98398 4 1.32638 
748 48 42 0.617577 1 0.445622 
792 134 10 0.736993 2 1.23876 
791 68 87 0.99663 3 1.23597 
772 186 93 0.655721 1 0.826717 
741 273 55 0.954844 4 0.384172 
783 236 81 0.977386 1 1.0228 
723 363 76 0.64317 3 0.299161 
779 301 7 0.848774 5 0.726246 
786 245 17 0.933019 2 1.364 
710 396 64 0.845306 1 1.24314 
769 373 52 0.430948 1 0.980273 
722 218 51 0.402347 2 1.17778 
767 252 39 0.912949 5 0.29827 
772 241 11 0.709481 5 0.769695 
781 500 95 0.84143 1 0.599612 
715 504 89 0.9105 5 0.867083 
732 500 17 0.64361 4 0.318381 
789 582 73 0.945845 3 1.49509 
782 434 21 0.714029 3 0.602094 
764 586 76 0.406488 3 1.16309 
720 434 26 0.557335 4 1.48868 
724 488 8 0.721391 5 1.2598 
702 474 82 0.624648 4 0.818812 
715 435 88 0.917048 1 1.43847 
714 800 11 0.862515 4 1.387 
752 739 31 0.929499 4 1.39057 
773 668 10 0.465505 3 0.41639 
742 728 8 0.92486 2 0.701757 
761 629 90 0.471499 4 1.19113 
796 610 45 0.608963 5 0.212892 
756 793 14 0.539214 5 0.787153 
708 750 6 0.402827 3 0.796757 
717 754 93 0.670383 2 0.751749 
745 691 5 0.916998 1 1.42297 
791 877 26 0.442184 4 0.462669 
772 912 13 0.705875 3 0.506555 
781 965 51 0.724527 4 0.295706 
787 971 99 0.933736 1 0.813953 
769 826 79 0.626476 5 1.1002 
712 889 2 0.403152 4 0.154531 
722 999 25 0.936041 4 1.14401 
748 998 91 0.980339 4 0.612893 
791 994 19 0.871864 4 0.622099 
707 815 70 0.526057 5 0.732588 
881 113 44 0.947574 2 0.763838 
889 3 75 0.949612 4 0.4811 
882 49 90 0.721457 2 0.256123 
836 132 36 0.559153 4 1.01474 
867 17 8 0.916266 3 0.728101 
826 123 37 0.920074 1 0.69976 
892 173 19 0.441323 4 0.873103 
806 187 76 0.452823 2 1.47849 
828 104 23 0.805409 5 1.01444 
896 189 29 0.84708 3 1.04157 
860 275 95 0.956704 2 0.818984 
813 275 83 0.72587 5 1.27522 
849 204 75 0.882319 5 0.688496 
841 380 12 0.707815 3 1.23392 
832 203 34 0.722207 5 0.588541 
801 282 41 0.504158 2 0.477293 
820 300 28 0.601218 2 0.351194 
809 293 100 0.679306 3 1.12815 
833 330 74 0.760097 4 0.901433 
839 329 43 0.798594 5 0.12678 
863 462 67 0.929837 5 0.481664 
880 473 11 0.952666 2 0.886244 
879 474 20 0.624708 1 0.518318 
825 507 41 0.727079 1 0.307608 
861 475 26 0.915932 1 0.36196 
837 554 53 0.490935 2 0.357752 
821 492 52 0.697648 4 1.39931 
855 569 76 0.751077 1 0.164787 
860 522 71 0.409234 5 0.182397 
810 421 41 0.896038 4 0.168262 
831 605 34 0.591283 5 0.364948 
844 720 72 0.754394 1 0.219261 
825 736 34 0.596177 3 0.616717 
833 610 4 0.897457 4 0.293895 
857 797 61 0.987348 3 1.05626 
821 691 41 0.967553 2 0.921819 
852 736 83 0.68274 3 0.954139 
817 626 89 0.602207 1 1.24434 
860 775 43 0.476364 3 1.28331 
836 786 31 0.944067 2 0.63392 
881 990 4 0.457026 3 0.120397 
807 947 98 0.933304 2 1.09303 
815 892 7 0.668467 5 0.708571 
876 983 32 0.58497 3 0.301592 
815 951 13 0.84116 1 0.310662 
863 819 12 0.977554 1 0.341011 
873 824 56 0.882469 5 0.34726 
898 969 27 0.69645 4 0.468663 
804 905 2 0.53064 5 0.597936 
814 978 29 0.841183 5 1.09242 
980 8 34 0.578292 2 1.26709 
1000 81 97 0.500304 5 1.38839 
942 64 28 0.519596 5 1.30647 
940 133 14 0.803351 4 0.392495 
995 121 59 0.634875 4 0.380649 
953 53 11 0.746353 5 0.233453 
982 171 28 0.728014 2 0.872024 
910 194 76 0.436911 3 1.49286 
925 179 18 0.893178 1 0.849724 
925 135 61 0.788157 5 0.696302 
916 268 51 0.633998 5 1.36778 
999 358 63 0.737346 1 1.21127 
964 396 97 0.723751 1 0.484039 
938 353 95 0.815098 5 1.16238 
962 374 87 0.635518 5 1.26485 
982 213 96 0.954584 2 1.44098 
955 296 31 0.596405 1 0.303167 
996 265 5 0.421461 1 0.344792 
992 266 19 0.539299 1 0.903447 
994 290 43 0.696701 3 0.332867 
983 568 16 0.974137 3 0.525298 
946 431 28 0.580282 3 0.665666 
984 455 49 0.977619 2 0.246926 
956 598 58 0.797117 1 1.32769 
942 550 62 0.553815 1 0.865269 
929 492 11 0.462029 5 0.404639 
901 433 11 0.928299 3 0.464124 
911 509 30 0.929793 1 1.00676 
985 433 85 0.711686 2 0.675611 
973 416 90 0.625748 2 0.919745 
923 715 74 0.509257 4 0.580531 
905 718 77 0.793805 1 1.26263 
965 796 75 0.454644 1 0.565131 
931 626 82 0.428971 1 1.47701 
979 687 79 0.630937 1 0.152478 
988 747 41 0.811252 1 0.625359 
924 777 78 0.570348 3 0.297975 
922 697 82 0.845664 2 1.41672 
961 629 45 0.887252 2 1.37981 
968 704 74 0.885538 1 0.770999 
967 981 3 0.946887 1 0.614942 
978 868 39 0.406993 3 0.794585 
975 986 76 0.555014 1 0.162849 
946 997 20 0.458225 5 0.869042 
928 895 47 0.940234 3 1.45887 
935 879 10 0.47095 2 0.784977 
916 898 8 0.893106 2 1.46262 
940 991 7 0.791923 1 0.691183 
972 914 25 0.65449 3 1.48375 
952 855 18 0.900297 5 0.466332 
1500 5 800
500 500
