981
31 375
40 382
38 371
796 71
791 68
790 81
104 639
114 647
111 639
783 236
772 241
786 245
555 960
553 944
548 945
427 310
425 302
425 314
813 275
801 282
809 293
499 708
502 724
511 707
715 504
732 500
724 488
863 462
861 475
879 474
863 462
879 474
880 473
123 789
141 780
134 776
786 245
772 241
767 252
520 287
509 305
519 304
66 279
80 272
58 265
544 160
534 162
532 179
372 377
396 382
373 374
996 265
992 266
994 290
478 829
488 808
467 823
496 297
509 305
520 287
462 556
443 574
465 569
258 593
255 617
268 617
398 379
373 374
396 382
881 990
898 969
876 983
923 715
922 697
905 718
831 605
817 626
833 610
813 275
809 293
820 300
666 805
657 831
674 827
302 728
325 743
315 720
844 720
825 736
852 736
158 150
134 158
159 168
857 797
860 775
836 786
365 384
372 377
373 374
397 143
379 142
401 149
967 981
940 991
946 997
342 574
317 560
336 578
495 966
513 951
501 937
228 190
215 186
207 212
123 789
117 805
122 799
365 384
378 406
372 377
787 971
791 994
814 978
22 927
28 957
37 937
779 301
809 293
801 282
791 877
804 905
815 892
485 964
495 966
501 937
781 965
787 971
807 947
123 789
122 799
141 780
13 408
13 438
15 409
544 160
532 179
547 192
396 382
378 406
393 414
372 377
378 406
396 382
715 504
724 488
702 474
608 476
630 452
617 450
238 333
235 363
256 338
357 505
377 518
372 509
967 981
946 997
975 986
892 173
896 189
910 194
20 782
10 785
11 813
892 173
910 194
925 179
428 270
415 270
425 302
544 160
545 131
534 162
66 279
69 302
80 272
928 895
935 879
916 898
343 649
361 625
331 641
243 176
215 186
228 190
77 960
94 990
96 962
258 593
268 617
291 601
807 947
814 978
815 951
98 30
80 2
88 36
787 971
814 978
807 947
796 610
817 626
831 605
820 300
833 330
839 329
447 185
438 210
458 219
836 132
828 104
826 123
29 470
13 438
1 452
146 957
135 988
159 989
170 984
146 957
159 989
674 738
676 757
708 750
695 384
710 396
723 363
226 622
230 644
255 617
192 178
207 212
215 186
500 400
500 437
520 411
585 316
604 307
576 283
31 375
13 408
15 409
31 375
15 409
40 382
608 476
614 485
630 452
483 84
500 105
517 75
579 593
562 606
599 611
752 739
742 728
717 754
532 179
545 208
547 192
175 849
155 866
181 886
228 190
207 212
238 224
526 448
520 411
500 437
956 598
931 626
961 629
614 485
620 500
648 473
241 987
249 970
226 952
462 556
449 536
443 574
771 157
747 156
772 186
590 883
625 879
600 854
343 649
331 641
313 674
600 416
566 435
595 438
170 984
181 956
146 957
391 293
425 302
415 270
946 431
985 433
973 416
614 485
648 473
630 452
710 396
715 435
720 434
55 777
20 782
44 789
964 396
946 431
973 416
600 416
595 438
617 450
789 582
764 586
796 610
48 443
13 438
29 470
231 262
249 226
238 224
595 438
608 476
617 450
786 245
801 282
813 275
791 877
772 912
804 905
20 782
11 813
44 789
576 283
604 307
616 285
455 502
482 507
467 499
692 440
702 474
715 435
391 293
425 314
425 302
428 270
425 302
458 278
88 36
80 2
52 21
302 728
318 765
325 743
857 797
863 819
873 824
666 805
674 827
707 815
158 150
121 146
134 158
175 849
135 854
155 866
245 7
212 14
226 44
654 310
650 307
622 338
674 738
674 695
659 700
742 728
708 750
717 754
37 937
28 957
71 955
585 316
622 338
604 307
268 617
291 644
291 601
154 383
163 425
174 421
276 502
319 507
312 491
666 980
641 962
627 997
455 502
449 536
482 507
154 383
174 421
189 407
253 926
218 913
226 952
545 131
546 129
547 114
291 644
313 674
331 641
258 593
291 601
293 567
580 722
614 719
602 685
192 178
191 222
207 212
343 649
378 665
361 625
555 960
548 945
513 951
20 782
17 742
10 785
249 970
253 926
226 952
781 500
825 507
821 492
189 407
218 441
224 418
978 868
952 855
935 879
946 431
984 455
985 433
599 233
632 209
617 192
258 593
226 622
255 617
844 720
821 691
825 736
258 593
218 614
226 622
261 44
245 7
226 44
396 633
361 625
378 665
786 245
767 252
801 282
136 513
159 547
169 543
796 71
790 81
828 104
616 285
604 307
650 307
771 157
772 186
806 187
18 697
17 742
31 706
654 310
622 338
643 354
465 569
443 574
437 600
359 193
348 210
392 223
190 547
204 572
207 528
228 190
238 224
249 226
77 960
96 962
71 955
300 921
341 920
313 887
158 150
159 168
192 178
666 501
648 473
620 500
889 3
867 17
882 49
359 193
359 187
348 210
599 798
593 807
596 829
476 80
445 47
447 74
218 441
228 487
245 458
96 962
94 990
135 988
300 844
313 887
323 866
923 715
968 704
922 697
837 554
855 569
860 522
218 441
245 458
224 418
764 586
761 629
796 610
781 965
748 998
787 971
48 443
15 409
13 438
880 473
879 474
911 509
787 971
748 998
791 994
190 547
207 528
169 543
692 440
715 435
710 396
955 296
994 290
992 266
599 233
625 255
632 209
499 708
457 731
502 724
655 636
639 617
612 654
863 462
880 473
901 433
499 708
461 700
457 731
427 310
458 278
425 302
789 582
796 610
831 605
622 338
650 307
604 307
396 382
393 414
427 419
189 407
174 421
218 441
825 507
861 475
821 492
940 133
925 135
925 179
860 275
813 275
820 300
241 987
289 981
249 970
666 805
707 815
714 800
69 407
117 413
101 382
619 102
667 92
639 76
591 915
625 879
590 883
825 507
837 554
860 522
289 312
256 338
296 355
249 970
256 925
253 926
772 912
807 947
804 905
500 105
547 114
550 103
357 505
312 491
319 507
666 501
715 504
702 474
447 74
445 47
400 67
720 434
715 435
702 474
599 611
639 617
646 594
599 611
612 654
639 617
608 950
627 997
641 962
792 134
836 132
826 123
779 301
801 282
767 252
928 895
972 914
935 879
500 105
550 103
517 75
841 380
839 329
833 330
555 960
591 927
553 944
328 969
372 979
365 940
892 173
925 179
925 135
646 594
639 617
655 636
792 134
826 123
828 104
551 737
511 707
502 724
293 567
336 578
317 560
457 731
500 757
502 724
293 567
291 601
336 578
398 379
396 382
427 419
243 176
228 190
249 226
837 554
831 605
855 569
879 474
861 475
860 522
55 777
17 742
20 782
158 150
160 112
121 146
96 962
135 988
146 957
328 969
365 940
341 920
825 507
860 522
861 475
500 105
545 131
547 114
741 273
779 301
767 252
591 915
553 944
591 927
359 187
318 167
348 210
131 74
160 112
139 65
526 448
566 435
520 411
880 473
911 509
929 492
983 568
942 550
956 598
119 358
115 343
101 382
154 383
117 413
130 430
154 383
130 430
163 425
154 383
119 358
101 382
892 173
849 204
896 189
329 124
379 142
355 109
462 556
482 507
449 536
825 736
860 775
852 736
825 736
836 786
860 775
714 800
717 754
708 750
579 593
615 554
581 547
329 124
355 109
304 96
448 688
457 731
461 700
982 213
992 266
996 265
40 382
15 409
69 407
258 593
293 567
252 544
154 383
101 382
117 413
666 501
702 474
648 473
881 113
828 104
836 132
555 960
608 950
591 927
666 980
691 941
641 962
526 268
520 287
549 258
999 358
962 374
964 396
300 844
323 866
353 832
533 353
519 304
509 305
496 297
520 287
526 268
448 688
471 641
429 675
772 912
781 965
807 947
675 38
667 92
697 64
342 574
336 578
361 625
720 434
702 474
724 488
396 633
429 675
417 632
771 157
806 187
792 134
978 868
935 879
972 914
807 947
815 951
804 905
98 30
131 74
139 65
675 38
632 31
639 76
98 30
135 7
80 2
228 487
276 502
245 458
49 246
58 265
80 272
192 178
215 186
209 131
49 243
49 246
80 272
74 770
117 805
123 789
548 945
501 937
513 951
100 227
116 204
111 207
779 301
820 300
809 293
772 186
783 236
806 187
551 737
502 724
500 757
159 168
134 158
116 204
790 81
792 134
828 104
48 443
69 407
15 409
520 287
576 283
549 258
675 38
639 76
667 92
772 186
772 241
783 236
396 633
378 665
429 675
722 218
767 252
772 241
231 262
238 224
207 212
855 569
831 605
833 610
134 776
156 724
136 722
49 243
80 272
100 227
714 800
756 793
717 754
291 601
291 644
331 641
113 583
104 639
111 639
226 622
218 614
230 644
191 222
231 262
207 212
359 187
401 149
379 142
790 81
791 68
748 48
181 956
226 952
218 913
158 150
209 131
160 112
300 844
353 832
309 805
689 265
650 307
654 310
394 986
411 978
372 979
600 416
617 450
630 452
190 547
169 543
159 547
175 346
119 358
154 383
676 757
714 800
708 750
692 440
648 473
702 474
437 600
417 632
471 641
98 30
88 36
131 74
252 544
207 528
204 572
499 708
511 707
508 651
158 150
192 178
209 131
300 921
328 969
341 920
860 275
820 300
839 329
243 176
209 131
215 186
452 7
445 47
457 21
576 283
616 285
625 255
135 7
139 65
165 31
772 14
748 48
791 68
857 797
836 786
863 819
752 739
717 754
756 793
141 780
156 724
134 776
695 384
692 440
710 396
879 474
860 522
911 509
599 233
576 283
625 255
258 593
204 572
218 614
599 233
549 258
576 283
476 80
483 84
517 75
190 547
159 547
204 572
614 719
659 700
602 685
268 617
255 617
291 644
579 593
599 611
615 554
783 236
832 203
806 187
318 167
326 226
348 210
417 632
429 675
471 641
500 400
520 411
533 353
942 550
929 492
911 509
664 138
667 92
619 102
458 278
488 232
458 219
789 582
831 605
837 554
741 273
767 252
722 218
616 285
650 307
625 255
175 346
115 343
119 358
881 990
940 991
898 969
676 757
666 805
714 800
372 979
411 978
365 940
526 448
539 489
566 435
863 462
821 492
861 475
15 572
41 574
59 555
184 330
235 363
238 333
541 655
508 651
511 707
432 785
467 823
488 808
98 30
139 65
135 7
428 270
458 219
438 210
428 270
458 278
458 219
520 287
519 304
576 283
255 617
230 644
291 644
581 547
615 554
620 500
761 629
817 626
796 610
844 720
852 736
905 718
693 655
655 636
674 695
262 795
300 844
309 805
40 382
69 407
101 382
714 800
769 826
756 793
599 611
646 594
615 554
478 829
467 823
441 879
1000 81
953 53
942 64
37 937
71 955
85 900
228 487
207 528
252 544
313 887
341 920
323 866
448 688
461 700
471 641
175 346
235 363
184 330
134 158
121 146
116 204
596 829
600 854
657 831
165 31
226 44
212 14
289 981
328 969
300 921
923 715
905 718
924 777
600 854
625 879
657 831
55 82
88 36
52 21
773 668
817 626
761 629
175 346
154 383
189 407
432 785
413 795
467 823
674 738
659 700
614 719
714 800
707 815
769 826
881 113
892 173
925 135
262 795
255 800
300 844
85 900
71 955
96 962
940 133
925 179
982 171
258 593
252 544
204 572
302 728
315 720
313 674
336 578
331 641
361 625
692 440
630 452
648 473
228 487
252 544
276 502
979 687
922 697
968 704
940 133
982 171
995 121
262 795
309 805
318 765
253 926
256 925
218 913
478 829
441 879
486 882
74 770
123 789
134 776
189 407
224 418
235 363
396 633
417 632
437 600
792 134
806 187
836 132
674 695
655 636
659 700
723 363
710 396
769 373
599 233
545 208
549 258
243 176
231 113
209 131
296 355
256 338
235 363
55 82
52 21
16 35
783 236
786 245
832 203
595 438
566 435
608 476
769 373
782 434
810 421
573 31
632 31
616 15
689 265
741 273
722 218
181 956
218 913
208 899
38 371
40 382
101 382
428 270
438 210
415 270
159 168
191 222
192 178
122 799
117 805
135 854
392 223
415 270
438 210
772 186
722 218
772 241
771 157
792 134
747 156
249 970
289 981
256 925
591 915
591 927
608 950
435 970
408 913
411 978
488 232
496 297
526 268
880 473
929 492
901 433
612 654
602 685
659 700
458 278
496 297
488 232
359 187
379 142
318 167
507 509
539 489
526 448
359 193
392 223
359 187
243 176
265 117
231 113
443 433
500 437
500 400
779 301
833 330
820 300
265 117
329 124
304 96
318 167
379 142
329 124
291 601
331 641
336 578
752 739
745 691
742 728
526 268
549 258
545 208
476 80
457 21
445 47
599 798
596 829
657 831
99 132
121 146
160 112
982 171
925 179
982 213
276 502
252 544
293 567
585 316
576 283
519 304
747 156
722 218
772 186
289 981
300 921
256 925
500 105
534 162
545 131
675 38
697 64
734 54
231 262
287 231
249 226
666 980
722 999
691 941
999 358
938 353
962 374
499 708
508 651
461 700
461 700
508 651
471 641
462 556
507 509
482 507
357 505
319 507
317 560
289 312
238 333
256 338
599 798
657 831
666 805
365 940
411 978
408 913
674 738
708 750
674 695
946 431
901 433
929 492
488 232
526 268
545 208
488 232
545 208
532 179
293 567
317 560
319 507
876 983
815 951
814 978
100 227
156 260
116 204
999 358
964 396
973 416
773 668
761 629
745 691
946 431
929 492
984 455
547 192
545 208
599 233
689 265
625 255
650 307
655 636
612 654
659 700
773 668
821 691
817 626
397 143
355 109
379 142
51 637
7 636
18 697
181 886
181 956
208 899
781 500
724 488
732 500
13 408
1 452
13 438
99 132
160 112
131 74
386 11
400 67
445 47
276 502
293 567
319 507
857 797
924 777
860 775
455 502
467 499
443 433
126 663
136 722
156 724
342 574
377 518
357 505
965 796
988 747
924 777
15 572
7 636
41 574
790 81
748 48
734 54
341 920
365 940
408 913
386 11
445 47
452 7
181 956
241 987
226 952
695 161
722 218
747 156
881 113
836 132
892 173
342 574
357 505
317 560
287 231
326 226
318 167
533 353
585 316
519 304
836 132
806 187
832 203
37 194
49 243
100 227
55 777
74 770
17 742
170 984
241 987
181 956
857 797
873 824
924 777
781 500
821 492
782 434
979 687
968 704
988 747
541 655
602 685
612 654
41 574
7 636
51 637
693 655
674 695
745 691
51 637
18 697
31 706
482 507
500 437
467 499
547 192
599 233
617 192
22 927
37 937
85 900
175 346
189 407
235 363
507 509
526 448
500 437
243 176
249 226
287 231
77 960
71 955
28 957
782 434
821 492
810 421
343 649
313 674
378 665
964 396
962 374
938 353
465 569
437 600
471 641
22 927
85 900
62 868
175 849
181 886
208 899
836 132
832 203
849 204
852 736
860 775
905 718
815 892
804 905
815 951
562 606
508 651
541 655
122 799
135 854
175 849
482 507
507 509
500 437
392 223
391 293
415 270
265 117
318 167
329 124
427 310
496 297
458 278
539 489
608 476
566 435
666 501
620 500
615 554
923 715
988 747
968 704
136 513
113 583
159 547
942 64
925 135
940 133
432 785
500 757
457 731
769 373
810 421
841 380
287 231
336 287
326 226
786 245
813 275
832 203
432 785
488 808
500 757
359 187
392 223
401 149
261 44
265 117
304 96
544 160
546 129
545 131
337 27
400 67
386 11
62 868
85 900
135 854
863 462
810 421
821 492
156 260
231 262
191 222
447 185
401 149
438 210
37 194
100 227
111 207
261 44
226 44
231 113
965 796
952 855
978 868
41 574
113 583
59 555
599 611
562 606
541 655
674 695
708 750
742 728
980 8
953 53
1000 81
674 827
712 889
707 815
599 611
541 655
612 654
550 103
547 114
619 102
999 358
994 290
955 296
256 925
300 921
313 887
121 146
111 207
116 204
674 695
742 728
745 691
261 44
231 113
265 117
495 966
555 960
513 951
397 143
400 67
355 109
910 194
982 213
925 179
55 82
131 74
88 36
467 499
500 437
443 433
836 132
849 204
892 173
141 780
122 799
175 849
860 775
924 777
905 718
517 75
550 103
573 31
392 223
438 210
401 149
17 742
74 770
31 706
100 227
80 272
156 260
55 777
44 789
74 770
693 655
745 691
761 629
999 358
955 296
938 353
541 655
580 722
602 685
881 113
882 49
828 104
591 915
608 950
625 879
159 168
116 204
191 222
262 795
318 765
302 728
551 737
580 722
511 707
931 626
922 697
961 629
175 346
184 330
115 343
664 138
617 192
632 209
74 770
134 776
136 722
276 502
312 491
245 458
710 396
720 434
769 373
116 204
156 260
191 222
44 789
117 805
74 770
916 268
955 296
992 266
1000 81
942 64
995 121
979 687
961 629
922 697
860 275
849 204
832 203
11 146
55 82
0 112
146 957
181 956
181 886
291 644
230 644
238 702
674 738
614 719
676 757
923 715
924 777
988 747
782 434
720 434
724 488
427 419
443 433
500 400
769 373
841 380
833 330
551 737
599 798
580 722
377 518
449 536
455 502
318 765
309 805
353 832
860 275
832 203
813 275
689 265
632 209
625 255
581 547
620 500
614 485
231 262
238 333
289 312
547 114
546 129
619 102
769 373
720 434
782 434
544 160
547 192
617 192
55 82
16 35
0 112
942 64
940 133
995 121
881 113
925 135
942 64
881 113
942 64
882 49
791 877
712 889
772 912
781 500
782 434
724 488
579 593
581 547
562 606
573 31
639 76
632 31
136 513
169 543
207 528
175 849
208 899
220 819
398 379
425 314
373 374
695 161
664 138
632 209
600 416
643 354
622 338
85 900
155 866
135 854
889 3
882 49
942 64
55 82
99 132
131 74
756 793
769 826
836 786
541 655
511 707
580 722
580 722
599 798
614 719
889 3
942 64
953 53
967 981
975 986
972 914
238 702
302 728
313 674
160 112
209 131
231 113
44 789
11 813
62 868
539 489
614 485
608 476
291 644
238 702
313 674
48 443
117 413
69 407
174 421
163 425
218 441
243 176
318 167
265 117
476 80
517 75
457 21
779 301
769 373
833 330
296 355
365 384
373 374
555 960
627 997
608 950
99 132
111 207
121 146
51 637
104 639
113 583
447 185
458 219
488 232
38 371
101 382
115 343
287 231
289 312
336 287
983 568
956 598
961 629
326 226
392 223
348 210
289 312
296 355
336 287
507 509
581 547
539 489
581 547
614 485
539 489
184 330
238 333
231 262
243 176
287 231
318 167
85 900
96 962
146 957
723 363
769 373
779 301
773 668
745 691
821 691
378 665
313 674
315 720
391 293
373 374
425 314
752 739
825 736
821 691
964 396
901 433
946 431
674 827
657 831
712 889
573 31
619 102
639 76
781 500
837 554
825 507
62 868
135 854
117 805
965 796
924 777
952 855
841 380
810 421
863 462
752 739
821 691
745 691
608 950
641 962
625 879
69 302
115 343
80 272
873 824
935 879
952 855
336 287
391 293
392 223
48 443
130 430
117 413
41 574
51 637
113 583
337 27
304 96
355 109
781 500
789 582
837 554
326 226
336 287
392 223
397 143
447 74
400 67
873 824
916 898
935 879
261 44
304 96
337 27
551 737
593 807
599 798
38 371
115 343
69 302
691 941
772 912
712 889
447 185
488 232
532 179
231 262
289 312
287 231
841 380
863 462
901 433
337 27
355 109
400 67
377 518
443 574
449 536
916 268
992 266
982 213
372 509
377 518
455 502
769 826
707 815
712 889
855 569
911 509
860 522
643 354
695 384
723 363
462 556
465 569
507 509
599 798
666 805
676 757
591 915
590 883
553 944
255 800
220 819
300 844
654 310
643 354
723 363
781 500
764 586
789 582
791 877
769 826
712 889
77 960
28 957
94 990
964 396
938 353
901 433
441 879
501 937
486 882
413 795
441 879
467 823
695 161
667 92
664 138
999 358
973 416
985 433
796 71
828 104
882 49
141 780
175 849
220 819
59 555
113 583
136 513
881 990
876 983
814 978
550 103
619 102
573 31
896 189
916 268
910 194
752 739
756 793
825 736
691 941
722 999
748 998
657 831
625 879
712 889
815 892
873 824
863 819
156 260
184 330
231 262
664 138
619 102
617 192
756 793
836 786
825 736
855 569
942 550
911 509
448 688
429 675
457 731
956 598
942 550
931 626
135 7
165 31
212 14
898 969
928 895
916 898
796 71
882 49
867 17
208 899
218 913
256 925
910 194
916 268
982 213
533 353
520 411
566 435
447 185
532 179
534 162
689 265
722 218
632 209
427 310
425 314
496 297
967 981
972 914
940 991
889 3
953 53
980 8
11 146
99 132
55 82
873 824
952 855
924 777
898 969
972 914
928 895
741 273
723 363
779 301
136 513
163 425
130 430
165 31
139 65
160 112
44 789
62 868
117 805
695 161
632 209
722 218
791 877
815 892
863 819
691 941
625 879
641 962
898 969
940 991
972 914
860 275
916 268
849 204
533 353
566 435
600 416
37 194
111 207
99 132
896 189
849 204
916 268
916 268
938 353
955 296
11 146
37 194
99 132
485 964
501 937
435 970
691 941
748 998
781 965
146 957
181 886
155 866
599 798
676 757
614 719
781 500
732 500
764 586
397 143
401 149
447 74
691 941
712 889
625 879
881 990
946 997
940 991
156 260
115 343
184 330
747 156
792 134
790 81
691 941
781 965
772 912
336 287
373 374
391 293
160 112
231 113
226 44
769 826
863 819
836 786
476 80
500 105
483 84
342 574
361 625
396 633
165 31
160 112
226 44
261 44
337 27
245 7
408 913
501 937
441 879
435 970
501 937
408 913
666 501
615 554
646 594
715 504
764 586
732 500
300 844
256 925
313 887
796 71
772 14
791 68
80 272
115 343
156 260
695 384
630 452
692 440
238 702
262 795
302 728
486 882
501 937
548 945
791 877
863 819
769 826
876 983
898 969
815 951
357 505
372 509
393 414
85 900
146 957
155 866
796 71
867 17
772 14
465 569
471 641
508 651
646 594
655 636
693 655
296 355
373 374
336 287
533 353
622 338
585 316
393 414
443 433
427 419
342 574
396 633
437 600
378 665
315 720
325 743
136 513
207 528
228 487
341 920
408 913
323 866
159 547
113 583
204 572
500 105
447 185
534 162
318 765
353 832
413 795
353 832
323 866
408 913
855 569
833 610
931 626
600 416
695 384
643 354
126 663
111 639
114 647
600 416
630 452
695 384
544 160
617 192
546 129
296 355
235 363
224 418
342 574
437 600
443 574
855 569
931 626
942 550
548 945
553 944
590 883
66 279
58 265
69 302
533 353
600 416
622 338
378 406
357 505
393 414
353 832
408 913
441 879
546 129
617 192
619 102
342 574
443 574
377 518
51 637
31 706
104 639
163 425
228 487
218 441
325 743
318 765
413 795
353 832
441 879
413 795
15 572
59 555
29 470
31 706
114 647
104 639
747 156
790 81
734 54
689 265
654 310
723 363
689 265
723 363
741 273
695 161
697 64
667 92
31 706
126 663
114 647
372 509
455 502
443 433
841 380
938 353
839 329
841 380
901 433
938 353
393 414
372 509
443 433
772 14
734 54
748 48
695 161
747 156
697 64
697 64
747 156
734 54
486 882
548 945
590 883
465 569
508 651
562 606
126 663
230 644
218 614
31 706
74 770
136 722
238 702
255 800
262 795
136 513
228 487
163 425
551 737
500 757
593 807
300 844
208 899
256 925
815 892
916 898
873 824
844 720
905 718
922 697
378 406
312 491
357 505
476 80
447 74
401 149
476 80
401 149
500 105
675 38
616 15
632 31
500 400
533 353
509 305
300 844
220 819
208 899
500 105
401 149
447 185
488 808
593 807
500 757
844 720
922 697
821 691
693 655
761 629
764 586
833 610
817 626
821 691
31 706
136 722
126 663
156 724
238 702
230 644
126 663
218 614
111 639
488 808
596 829
593 807
860 275
938 353
916 268
860 275
839 329
938 353
984 455
929 492
942 550
113 583
218 614
204 572
398 379
427 419
500 400
48 443
136 513
130 430
507 509
562 606
581 547
983 568
984 455
942 550
126 663
156 724
230 644
113 583
111 639
218 614
675 38
734 54
772 14
815 951
898 969
916 898
815 892
815 951
916 898
666 501
646 594
715 504
496 297
500 400
509 305
465 569
562 606
507 509
596 829
590 883
600 854
48 443
29 470
136 513
398 379
500 400
425 314
425 314
500 400
496 297
141 780
220 819
156 724
59 555
136 513
29 470
22 927
62 868
11 813
457 21
517 75
573 31
296 355
224 418
245 458
646 594
693 655
764 586
478 829
596 829
488 808
486 882
590 883
596 829
478 829
486 882
596 829
833 610
922 697
931 626
833 610
821 691
922 697
238 702
220 819
255 800
156 724
220 819
238 702
646 594
764 586
715 504
791 994
881 990
814 978
432 785
457 731
413 795
365 384
312 491
378 406
378 665
457 731
429 675
325 743
413 795
457 731
378 665
325 743
457 731
15 572
29 470
1 452
452 7
457 21
573 31
296 355
245 458
312 491
296 355
312 491
365 384
31 375
38 371
69 302
666 980
627 997
722 999
31 375
69 302
58 265
289 981
372 979
328 969
170 984
159 989
241 987
485 964
435 970
495 966
983 568
961 629
979 687
49 246
31 375
58 265
772 14
867 17
889 3
965 796
978 868
988 747
37 194
49 246
49 243
495 966
627 997
555 960
675 38
772 14
616 15
245 7
337 27
386 11
452 7
573 31
616 15
16 35
52 21
80 2
289 981
394 986
372 979
435 970
411 978
495 966
394 986
495 966
411 978
982 171
982 213
996 265
995 121
982 171
996 265
135 7
212 14
245 7
11 146
49 246
37 194
49 246
13 408
31 375
11 146
13 408
49 246
7 636
17 742
18 697
394 986
627 997
495 966
7 636
10 785
17 742
999 358
996 265
994 290
978 868
972 914
975 986
999 358
985 433
984 455
94 990
159 989
135 988
15 572
1 452
7 636
241 987
394 986
289 981
11 146
0 112
13 408
983 568
979 687
988 747
791 994
946 997
881 990
0 112
1 452
13 408
1000 81
995 121
996 265
999 358
984 455
983 568
748 998
946 997
791 994
80 2
135 7
245 7
245 7
386 11
452 7
616 15
772 14
889 3
999 358
983 568
988 747
988 747
978 868
975 986
452 7
616 15
889 3
1000 81
996 265
999 358
722 999
946 997
748 998
241 987
627 997
394 986
159 989
627 997
241 987
80 2
245 7
452 7
94 990
627 997
159 989
1 452
10 785
7 636
80 2
452 7
889 3
94 990
722 999
627 997
257
36.7353 376.912
790.5 74.5
107.5 644.875
779.211 242.263
552.049 952.244
418 308
810.09 283.798
505.628 715.038
722.483 497.678
869.733 469.69
132.833 786.167
513.062 295.121
69.1944 267.889
541.09 171.452
384.032 379.344
997.041 277.663
477.912 816.077
452.53 565.032
261.5 605.625
888.938 979.045
912.344 706.564
819.5 612.5
663.037 818.532
314.569 733.861
838.5 732.75
147.864 159.591
849.989 784.839
387.375 153.75
952.824 984.176
331.098 564.147
498.201 951.542
217.5 201
378.729 390.729
798.871 980.783
22.5 942.5
793.665 295.744
799.525 890.06
794.818 957.182
6.75 423
392.024 397.768
707.684 489.354
621.191 466.008
243.338 348.684
360.726 521.152
908 177.5
19.553 798.677
421.5 285.531
535.84 145.201
79.7041 288.908
918.167 881.167
345.556 632.167
226.128 172.959
84.9963 975.285
273.635 600.569
84.5258 18.8763
833.106 312.137
453.817 201.574
842.163 115.096
18.7895 455.105
147.562 975.006
690.334 745.886
712.242 377.823
242.377 630.386
198.884 195.272
502.85 418.5
587.864 297.492
626.053 470.465
501.77 86.1863
580.032 611.965
733.995 745.322
528.797 197.85
174.045 868.141
225.956 209.072
518.169 430.283
947.218 615.32
633.443 485.923
229.509 971.21
442.503 554.448
758.356 171.953
606.526 872.474
326.889 660.167
581.851 423.443
163.754 965.385
410.236 289.051
965.392 434.106
713.67 415.35
36.2671 770.87
953.522 412.74
778.962 599.385
29.1538 449.923
240.042 244.021
785.401 896.618
595.788 288.248
465.734 519.436
707.094 454.031
439.476 287.216
72.8668 21.6196
304.883 748.713
877.079 803.342
686.5 810
140.602 137.806
154.155 844.741
231.215 23.2996
639.279 325.462
672.833 716.5
288.891 622.5
161.367 403.386
297.209 507.002
644.388 983.655
168.225 399.776
231.387 930.575
525.731 120.115
277.853 583.168
595.749 706.324
188.33 199.928
365.138 646.854
8.76895 762.73
247.895 947.718
802.778 504.892
202.661 424.716
957.346 876.808
964.93 443.11
609.936 213.35
237.593 602.637
822.339 713.559
243.5 29.6081
375.418 642.485
155.764 524.41
789.459 170.881
12.1212 719.38
644.02 330.88
458.493 591.268
371.072 212.87
213.046 550.514
320.226 909.248
643.099 495.936
888.469 26.4519
335.727 190
615.047 815.198
465.208 59.0772
222.271 464.159
299.405 867.645
944.348 704.786
859.184 545.679
772.359 608.188
767.5 984.5
896.306 490.306
972.456 279.712
622.878 231.144
478.357 720.152
631.293 639.727
883.321 449.231
477.088 717.834
412.473 399.685
935.567 157
836.5 281.9
265.52 988.156
689.5 797.7
93.5668 405.466
643.687 100.298
609.489 898.407
280.709 335.419
368.5 959.5
135 69.5
962.5 559
117 350.5
342 116.5
598 550.5
599.5 938.5
537.5 263
980.5 366
438.5 681.5
686 51
49 244.5
113.5 205.5
146 723
402.5 982
454.5 14
150 19
760 31
50 564.5
524.5 653
285.5 800
762.5 809.5
947.5 58.5
179.5 338
422.5 790
463.5 880.5
220 122
796 427.5
624 23
523 499
284.5 106.5
982 192
759 679.5
29 636.5
944.5 786.5
73.5 884
840.5 203.5
306.5 228.5
997.5 101
5.5 129
679.5 149.5
237.5 809.5
55 82
16 35
37 194
99 132
100 227
15 572
74 770
160 112
156 260
130 430
113 583
126 663
252 544
238 702
208 899
337 27
318 167
386 11
336 287
328 969
353 832
400 67
488 232
443 433
417 632
471 641
435 970
408 913
550 103
573 31
533 353
551 737
500 757
689 265
646 594
693 655
691 941
734 54
792 134
741 273
769 373
722 218
712 889
722 999
881 113
841 380
980 8
916 268
938 353
929 492
979 687
988 747
972 914
500
98 30
11 146
55 82
0 112
16 35
88 36
52 21
80 2
37 194
99 132
49 243
66 279
49 246
31 375
100 227
38 371
69 302
40 382
80 272
58 265
15 572
41 574
48 443
69 407
13 408
59 555
15 409
29 470
13 438
1 452
51 637
7 636
18 697
55 777
20 782
44 789
17 742
31 706
74 770
10 785
22 927
62 868
37 937
77 960
85 900
96 962
94 990
28 957
71 955
11 813
131 74
135 7
158 150
159 168
192 178
134 158
165 31
121 146
139 65
160 112
111 207
175 346
154 383
116 204
156 260
119 358
184 330
101 382
191 222
115 343
117 413
136 513
130 430
190 547
189 407
174 421
169 543
159 547
113 583
163 425
126 663
123 789
104 639
141 780
134 776
111 639
156 724
114 647
122 799
136 722
117 805
170 984
146 957
175 849
135 988
135 854
155 866
181 886
159 989
181 956
243 176
261 44
265 117
245 7
231 113
212 14
209 131
228 190
226 44
215 186
231 262
287 231
289 312
249 226
207 212
238 333
296 355
238 224
235 363
256 338
258 593
218 441
224 418
228 487
276 502
293 567
252 544
204 572
207 528
245 458
268 617
291 601
226 622
255 617
218 614
291 644
230 644
238 702
262 795
255 800
300 844
241 987
249 970
253 926
289 981
226 952
208 899
218 913
256 925
220 819
359 193
337 27
359 187
318 167
329 124
397 143
379 142
304 96
355 109
386 11
326 226
348 210
365 384
336 287
392 223
372 377
391 293
398 379
396 382
373 374
378 406
342 574
357 505
317 560
336 578
312 491
393 414
319 507
372 509
377 518
343 649
302 728
396 633
378 665
313 674
325 743
318 765
315 720
331 641
361 625
300 921
313 887
328 969
394 986
341 920
372 979
353 832
309 805
365 940
323 866
452 7
476 80
483 84
447 74
500 105
400 67
457 21
447 185
445 47
401 149
427 310
428 270
425 314
425 302
458 278
415 270
438 210
458 219
488 232
496 297
455 502
462 556
465 569
443 574
427 419
482 507
449 536
467 499
443 433
500 400
499 708
432 785
437 600
448 688
461 700
417 632
429 675
471 641
457 731
413 795
485 964
478 829
435 970
408 913
441 879
488 808
486 882
495 966
467 823
411 978
544 160
517 75
550 103
573 31
545 131
547 114
532 179
546 129
547 192
534 162
599 233
526 268
545 208
533 353
520 287
585 316
509 305
519 304
576 283
549 258
579 593
507 509
526 448
600 416
581 547
539 489
500 437
595 438
520 411
566 435
599 611
551 737
562 606
502 724
500 757
541 655
580 722
511 707
508 651
599 798
555 960
591 915
548 945
596 829
513 951
501 937
593 807
590 883
591 927
553 944
695 161
675 38
616 15
697 64
632 31
664 138
617 192
619 102
667 92
639 76
616 285
689 265
654 310
622 338
632 209
650 307
643 354
695 384
625 255
604 307
666 501
608 476
614 485
617 450
692 440
630 452
646 594
620 500
615 554
648 473
674 738
693 655
614 719
674 695
655 636
639 617
676 757
612 654
602 685
659 700
666 805
674 827
666 980
600 854
691 941
608 950
657 831
641 962
625 879
627 997
796 71
772 14
771 157
747 156
790 81
734 54
748 48
792 134
791 68
772 186
741 273
783 236
723 363
779 301
786 245
710 396
769 373
722 218
767 252
772 241
781 500
715 504
732 500
789 582
782 434
764 586
720 434
724 488
702 474
715 435
714 800
752 739
773 668
742 728
761 629
796 610
756 793
708 750
717 754
745 691
791 877
772 912
781 965
787 971
769 826
712 889
722 999
748 998
791 994
707 815
881 113
889 3
882 49
836 132
867 17
826 123
892 173
806 187
828 104
896 189
860 275
813 275
849 204
841 380
832 203
801 282
820 300
809 293
833 330
839 329
863 462
880 473
879 474
825 507
861 475
837 554
821 492
855 569
860 522
810 421
831 605
844 720
825 736
833 610
857 797
821 691
852 736
817 626
860 775
836 786
881 990
807 947
815 892
876 983
815 951
863 819
873 824
898 969
804 905
814 978
980 8
1000 81
942 64
940 133
995 121
953 53
982 171
910 194
925 179
925 135
916 268
999 358
964 396
938 353
962 374
982 213
955 296
996 265
992 266
994 290
983 568
946 431
984 455
956 598
942 550
929 492
901 433
911 509
985 433
973 416
923 715
905 718
965 796
931 626
979 687
988 747
924 777
922 697
961 629
968 704
967 981
978 868
975 986
946 997
928 895
935 879
916 898
940 991
972 914
952 855
