500 500
11
10
500 500
624 23
168.225 399.776
100 227
690.334 745.886
799.525 890.06
365.138 646.854
240.042 244.021
581.851 423.443
500 500
15
302 304 74 14 330 336 387 390 442 448 183 110 113 277 279 
14
500 500
581.851 423.443
160 112
528.797 197.85
36.7353 376.912
225.956 209.072
759 679.5
631.293 639.727
345.556 632.167
12.1212 719.38
135 69.5
952.824 984.176
918.167 881.167
500 500
26
273 59 262 13 15 17 117 382 389 334 335 337 180 188 189 32 37 50 58 490 492 493 497 494 495 496 
30
500 500
518.169 430.283
150 19
438.5 681.5
477.912 816.077
465.734 519.436
722.483 497.678
663.037 818.532
595.749 706.324
501.77 86.1863
442.503 554.448
252 544
552.049 952.244
712 889
639.279 325.462
609.936 213.35
997.041 277.663
93.5668 405.466
792 134
29 636.5
672.833 716.5
606.526 872.474
689.5 797.7
841 380
615.047 815.198
217.5 201
908 177.5
779.211 242.263
422.5 790
500 500
66
272 51 56 233 236 241 245 248 220 225 227 371 372 377 340 341 346 286 332 338 202 204 251 226 126 290 292 299 395 312 313 315 260 306 314 467 468 469 23 67 70 357 30 31 333 339 297 343 348 380 413 289 293 296 107 109 114 406 409 457 458 361 364 368 369 231 
33
500 500
422.5 790
498.201 951.542
465.208 59.0772
793.665 295.744
371.072 212.87
147.562 975.006
261.5 605.625
435 970
580.032 611.965
679.5 149.5
733.995 745.322
762.5 809.5
713.67 415.35
458.493 591.268
284.5 106.5
760 31
107.5 644.875
888.469 26.4519
541.09 171.452
535.84 145.201
299.405 867.645
869.733 469.69
947.5 58.5
229.509 971.21
73.5 884
758.356 171.953
972 914
15 572
337 27
819.5 612.5
587.864 297.492
500 500
74
239 240 247 294 295 201 203 208 363 150 161 164 91 92 94 98 120 130 133 242 270 280 282 300 305 381 383 388 386 394 376 379 232 102 157 351 356 82 85 87 401 402 404 250 256 258 259 254 257 140 199 420 421 422 424 452 455 141 142 145 41 44 352 353 359 498 20 151 385 430 433 437 265 268 
28
500 500
587.864 297.492
621.191 466.008
84.9963 975.285
384.032 379.344
49 244.5
280.709 335.419
231.215 23.2996
285.5 800
929 492
222.271 464.159
331.098 564.147
842.163 115.096
452.53 565.032
693 655
36.2671 770.87
646 594
888.938 979.045
691 941
368.5 959.5
849.989 784.839
408 913
463.5 880.5
980 8
524.5 653
22.5 942.5
947.218 615.32
500 500
60
319 321 322 323 325 43 45 46 48 162 165 167 168 169 10 12 112 116 103 105 108 138 197 475 123 129 171 173 174 403 405 408 221 222 223 331 33 35 326 440 443 447 344 195 198 434 438 439 243 244 246 450 285 288 40 42 47 473 483 488 
30
500 500
336 287
353 832
798.871 980.783
957.346 876.808
722 218
202.661 424.716
421.5 285.531
505.628 715.038
785.401 896.618
537.5 263
453.817 201.574
273.635 600.569
598 550.5
5.5 129
326.889 660.167
387.375 153.75
722 999
418 308
55 82
513.062 295.121
161.367 403.386
231.387 930.575
50 564.5
982 192
965.392 434.106
883.321 449.231
243.5 29.6081
155.764 524.41
500 500
56
163 196 392 393 398 449 491 499 367 121 122 211 215 230 283 287 391 261 269 207 216 217 131 274 328 1 3 184 155 156 209 396 210 212 213 2 219 264 266 267 62 75 79 143 147 21 25 456 465 471 478 479 476 101 71 77 
19
500 500
155.764 524.41
769 373
778.962 599.385
237.5 809.5
789.459 170.881
916 268
314.569 733.861
962.5 559
243.338 348.684
810.09 283.798
132.833 786.167
802.778 504.892
796 427.5
69.1944 267.889
686 51
297.209 507.002
935.567 157
500 500
39
76 366 373 375 139 149 407 460 181 185 187 470 474 115 118 119 411 415 416 417 81 83 84 88 90 370 423 426 374 429 11 18 19 301 303 124 175 177 453 
25
500 500
935.567 157
320.226 909.248
643.687 100.298
386 11
523 499
896.306 490.306
595.788 288.248
360.726 521.152
838.5 732.75
980.5 366
304.883 748.713
220 122
912.344 706.564
707.094 454.031
213.046 550.514
277.853 583.168
439.476 287.216
794.818 957.182
550 103
997.5 101
877.079 803.342
502.85 418.5
84.5258 18.8763
500 500
43
459 190 191 194 307 308 309 159 271 275 477 310 172 178 179 431 432 436 461 464 186 104 106 480 481 487 324 73 127 128 125 214 441 444 252 451 454 445 446 229 276 278 0 
27
500 500
84.5258 18.8763
226.128 172.959
6.75 423
712.242 377.823
772.359 608.188
179.5 338
644.388 983.655
140.602 137.806
790.5 74.5
410.236 289.051
113 583
265.52 988.156
146 723
840.5 203.5
147.864 159.591
288.891 622.5
689 265
644.02 330.88
599.5 938.5
74 770
822.339 713.559
471 641
19.553 798.677
454.5 14
573 31
500 500
43
5 7 100 24 26 28 317 362 365 384 61 66 342 347 349 57 350 354 358 166 78 144 86 89 412 414 52 53 55 135 311 316 298 345 38 435 237 34 39 49 200 206 253 
38
500 500
443 433
198.884 195.272
734 54
79.7041 288.908
686.5 810
400 67
609.489 898.407
375.418 642.485
242.377 630.386
328 969
988 747
113.5 205.5
18.7895 455.105
881 113
126 663
37 194
247.895 947.718
944.5 786.5
174.045 868.141
318 167
306.5 228.5
633.443 485.923
335.727 190
833.106 312.137
972.456 279.712
533 353
707.684 489.354
551 737
417 632
163.754 965.385
188.33 199.928
29.1538 449.923
859.184 545.679
154.155 844.741
938 353
156 260
500 500
46
228 54 355 16 399 205 291 182 132 136 192 485 60 63 27 29 400 80 8 148 482 486 93 96 97 153 111 160 327 152 418 419 466 263 378 281 235 99 68 22 425 427 428 95 463 64 
31
500 500
643.099 495.936
392.024 397.768
8.76895 762.73
342 116.5
477.088 717.834
402.5 982
944.348 704.786
478.357 720.152
500 757
626.053 470.465
238 702
836.5 281.9
622.878 231.144
412.473 399.685
525.731 120.115
741 273
953.522 412.74
767.5 984.5
16 35
208 899
72.8668 21.6196
130 430
964.93 443.11
117 350.5
488 232
378.729 390.729
979 687
237.593 602.637
99 132
500 500
32
320 176 36 154 158 234 193 249 489 238 284 329 137 410 318 224 255 360 462 397 4 146 6 72 472 65 69 218 170 484 134 9 
